Adriano de Oliveira Teste,adriano.98@gmail.com,71992553999
Fulano da Silva,fulano@email.com,71 9 9659-3565
Beltrano Von,beltrano@email.com,71 9 65658888
